[gd_scene format=3 uid="uid://cltyn22eonkao"]

[ext_resource type="Script" uid="uid://dy4gty6fm5luy" path="res://scenes/player/PlayerProjectileSpawnPoint.gd" id="1_mls4u"]

[node name="sword_fire_points_3" type="Node3D" unique_id=743448856]

[node name="ShootPoint0" type="Marker3D" parent="." unique_id=1066193670]
transform = Transform3D(-0.9396926, 0, 0.3420202, 0, 1, 0, -0.3420202, 0, -0.9396926, 0.5, 0, -1)
script = ExtResource("1_mls4u")

[node name="ShootPoint1" type="Marker3D" parent="." unique_id=964308147]
transform = Transform3D(-1, 0, -8.742278e-08, 0, 1, 0, 8.742278e-08, 0, -1, -0.2, 0, -1)
script = ExtResource("1_mls4u")

[node name="ShootPoint2" type="Marker3D" parent="." unique_id=1946369224]
transform = Transform3D(-0.93992513, 0, -0.34138054, 0, 1, 0, 0.34138054, 0, -0.93992513, -0.5, 0, -1)
script = ExtResource("1_mls4u")

[node name="ShootPoint3" type="Marker3D" parent="." unique_id=1589090184]
transform = Transform3D(-1, 0, -8.742278e-08, 0, 1, 0, 8.742278e-08, 0, -1, 0.2, 0, -1)
script = ExtResource("1_mls4u")

[node name="ShootPoint4" type="Marker3D" parent="." unique_id=2056349356]
transform = Transform3D(-0.9396926, 0, 0.3420202, 0, 1, 0, -0.3420202, 0, -0.9396926, 0.88109064, 0, -0.86580247)
script = ExtResource("1_mls4u")

[node name="ShootPoint5" type="Marker3D" parent="." unique_id=452303128]
transform = Transform3D(-0.93992513, 0, -0.34138054, 0, 1, 0, 0.34138054, 0, -0.93992513, -0.8696914, 0, -0.8658023)
script = ExtResource("1_mls4u")
