[gd_scene format=3 uid="uid://dk4mohn672lrw"]

[ext_resource type="Script" uid="uid://dy4gty6fm5luy" path="res://scenes/player/PlayerProjectileSpawnPoint.gd" id="1_h5b01"]

[node name="sword_fire_points_4" type="Node3D" unique_id=204512916]

[node name="ShootPoint0" type="Marker3D" parent="." unique_id=1128234212]
transform = Transform3D(-0.9396926, 0, 0.3420202, 0, 1, 0, -0.3420202, 0, -0.9396926, 0.5, 0, -1)
script = ExtResource("1_h5b01")

[node name="ShootPoint1" type="Marker3D" parent="." unique_id=363007087]
transform = Transform3D(-1, 0, -8.742278e-08, 0, 1, 0, 8.742278e-08, 0, -1, -0.2, 0, -1.2)
script = ExtResource("1_h5b01")

[node name="ShootPoint2" type="Marker3D" parent="." unique_id=1415433820]
transform = Transform3D(-0.93992513, 0, -0.34138054, 0, 1, 0, 0.34138054, 0, -0.93992513, -0.5, 0, -1)
script = ExtResource("1_h5b01")

[node name="ShootPoint3" type="Marker3D" parent="." unique_id=1499723567]
transform = Transform3D(-1, 0, -8.742278e-08, 0, 1, 0, 8.742278e-08, 0, -1, 0.2, 0, -1.2)
script = ExtResource("1_h5b01")

[node name="ShootPoint4" type="Marker3D" parent="." unique_id=2003339972]
transform = Transform3D(-0.9396926, 0, 0.3420202, 0, 1, 0, -0.3420202, 0, -0.9396926, 0.8924384, 0, -0.8581063)
script = ExtResource("1_h5b01")

[node name="ShootPoint5" type="Marker3D" parent="." unique_id=2132711164]
transform = Transform3D(-0.93992513, 0, -0.34138054, 0, 1, 0, 0.34138054, 0, -0.93992513, -0.89243865, 0, -0.8539169)
script = ExtResource("1_h5b01")

[node name="ShootPoint6" type="Marker3D" parent="." unique_id=2026153602]
transform = Transform3D(-1, 0, -8.742278e-08, 0, 1, 0, 8.742278e-08, 0, -1, -0.5754087, 0, -1)
script = ExtResource("1_h5b01")

[node name="ShootPoint7" type="Marker3D" parent="." unique_id=1017135427]
transform = Transform3D(-1, 0, -8.742278e-08, 0, 1, 0, 8.742278e-08, 0, -1, 0.58797693, 0, -1)
script = ExtResource("1_h5b01")
